,lemma_id,gloss_type_VLO41,gloss_type_Lat7499,gloss_form_VLO41,gloss_form_Lat7499,lemma_VLO41,gloss_VLO41,lemma_Lat7499,gloss_Lat7499
0,p447_l05_o06,S22,S22,F2,F2,auditorum,iđ discipulorũ,AVDITORṼ ,discipuloꝵ
1,p447_l05_o08,S22,S22,F3,F3,cõmouere ,reperire et excitare ,commouere ,suscitare incitare
2,p447_l07_o01,S22,S22,F2,F2,desiderat,cupit,desideret ,.s. audire
3,p447_l07_o03,S22,S22,F2,F2,recens,nouit(er),recens ,Nouũ
4,p447_l09_o05,S553,S553,F3,F3,Cratere,nom̃ ꝓpͥũ,CRATERE ,ꝓpͥũ nom̃
5,p447_l10_o01,S22,S22,F3,F3,facundia,iđ doctrina /eloquentia,facundia ,÷ eloquentia lepore
6,p447_l10_o03,S22,S22,F2,F2,equiperante,coęquantẽ,ęquiperantem ,coęquantẽ
7,p447_l11_o01,S22,S22,F3,F3,excellentes,presũt ĩgentes,excellentes ,s. illos maiores / superantes eminentes
8,p447_l11_o04,S22,S22,F2,F2,doctrina,eloquentia,doctrina ,s. in oꝑũ
9,p447_l11_o06,S22,S22,F2,F2,romana,lat̃,romana ,÷ latina
10,p447_l13_o03,S22,S22,F3,F3,instruitur,ordinatur /(et di)sponitur,instruit᷑ ,ordinat᷑ et disponit᷑
11,p448_l06_o05,S22,S22,F3,F3,prorsus,certe /omnino,ꝓrsus ,certe om̃ino
12,p448_l07_o01,S22,S22,F2,F2,inditia,signa,inditia ,signa
13,p448_l08_o05,S22,S22,F2,F2,terminalẽ,& finalem,terminalem ,finalem
14,p448_l14_o02,S22,S22,F2,F2,penitus,funditꝰ,penitꝰ ,Radicitꝰ
15,p448_l14_o04,S22,S22,F2,F2,incerta,&ãbigua,incerta ,dubia
16,p448_l16_o05,S22,S22,F2,F2,conabor,ĩtẽptabor.,Conabor ,tẽptabo
17,p448_l19_o01,S22,S22,F2,F2,anomalis ,inęqualib;,anomalis ,inęqualib; / s. uerbis
18,p448_l20_o08,S22,S22,F2,F2,aue,salue,Aue ,salue
19,p448_l20_o09,S22,S22,F2,F2,ferit,qͣsi ꝑcutit,Ferit ,ꝑcutit
20,p448_l20_o10,S22,S22,F2,F2,insit,dicit,Infit ,inꝗd
21,p449_l01_o01,S23,S23,F3,F3,patesco,aperire incip{io},Patesco ,inc̃ patere : inc̃ pateri
22,p449_l01_o02,S23,S23,F3,F3,notesco,notꝰ fieri iñpio,Notesco ,inc̃ notescere
23,p449_l05_o08,S22,S22,F2,F2,p̃cedente ,antecedente,p̃cedente ,ante
24,p449_l07_o01,S23,S23,F3,F3,lectito,frequent̃ lego,lectito ,ł lecto freq̃t̃ lego
25,p449_l07_o03,S23,S23,F3,F3,cantito,frequent̃ cano,Cantito ,frequent̃ cano
26,p449_l07_o04,S23,S23,F3,F3,cursito,frequent̃curso,Cursito ,freq̃t̃ curro
27,p449_l07_o05,S23,S23,F3,F3,uisito,frequent̃ uideo,Visito ,freq̃t uideo
28,p449_l09_o04,S3232,S3232,F2,F2,eodẽ ,s libro,eodem ,s. libro
29,p449_l15_o08,S22,S22,F2,F2,anomala,inequalia,anomala ,illegalia scilic&
30,p449_l17_o03,S22,S22,F2,F2,arbitror,estimor,arbitror ,iudico
31,p449_l17_o05,S22,S22,F2,F2,discerni,diuidi,discernũ ,distinguo
32,p449_l19_o13,S22,S22,F3,F3,penitus ,uidelicet omnino.,penitus ,funditꝰ om̃ino
33,p449_l20_o06,S22,S22,F2,F2,reboo,ĩ resono.,reboo ,resono
34,p449_l22_o06,S22,S22,F2,F2,reboantq;,&  resonant,Reboant ,resonant
35,p449_l22_o06,S22,S22,F2,F2,reor ,estimo,Reboant ,resonant
36,p449_l22_o06,S22,S22,F2,F2,reboantq;,&  resonant,Reboant ,resonant
37,p449_l22_o06,S22,S22,F2,F2,reor ,estimo,Reboant ,resonant
38,p449_l22_o10,S554,S554,F3,F3,olimpus,nom̃ montis ẽ,olympus ,mons excelsus
39,p449_l22_o10,S554,S554,F3,F3,fateor,loquor /ꝓfiteor,olympus ,mons excelsus
40,p449_l29_o01,S22,S22,F2,F2,spetialẽ,ꝓpͥã,specialẽ. ,ꝓpriã
41,p449_l30_o04,S22,S22,F2,F2,taceo,sileo,Taceo ,sileo
42,p449_l30_o10,S22,S22,F2,F2,stupeo,ãmiror,Stupeo ,admiror
43,p449_l30_o11,S22,S22,F2,F2,areo ,sicor,Areo ,sicco
44,p449_l31_o01,S22,S22,F2,F2,censeo,iudico,Censeo ,iudico
45,p449_l31_o02,S22,S22,F2,F2,pateo,aperio,Pateo ,aperio
46,p450_l01_o03,S22,S22,F3,F3,intueor,inspicio/uideo  c̃sidero,Intueor ,inspitio cerno
47,p450_l01_o04,S22,S22,F2,F2,notandũ,excipiunt᷑,Notant᷑ ,excipiunt᷑
48,p450_l01_o09,S22,S22,F2,F2,creo,facio,Creo ,condo
49,p450_l02_o03,S22,S22,F2,F2,nauseo,fastidio,Nauseo ,fastidio
50,p450_l02_o05,S22,S22,F2,F2,laqueo,ligo,Laqueo ,irretio
51,p450_l02_o06,S22,S22,F2,F2,screo,spuo,Screo ,spuo
52,p450_l05_o06,S22,S22,F2,F2,induo ,uestio,Induo ,cirũdo
53,p450_l05_o09,S22,S22,F3,F3,polluo,sordo ł sordeo,Polluo ,contamino : coinqͥno
54,p450_l05_o11,S22,S22,F2,F2,alluo,perfu(ndo),Alluo ,mundo
55,p450_l06_o01,S23,S23,F3,F3,innuo ,Signũ facio,Innuo ,ł nutũ facio/signo
56,p450_l06_o02,S22,S22,F2,F2,minuo ,subtruo,Minuo ,subtraho
57,p450_l06_o03,S22,S22,F2,F2,spuo ,sereo,spuo ,reicio
58,p450_l06_o04,S22,S22,F2,F2,ruo,cado,Ruo ,cado
59,p450_l06_o06,S22,S22,F2,F2,metuo ,timeo,Metuo ,ma?
60,p450_l15_o07,S22,S22,F2,F2,nuntius,legatꝰ,ñtio ,narro
61,p450_l16_o03,S22,S22,F3,F3,sotius,comes uicinꝰ,Sotius ,cõpar/sodalis/cliens
62,p450_l18_o07,S22,S22,F2,F2,conciliũ,iudiciũ,Conciliũ ,c̃gregatio
63,p450_l16_o09,S22,S22,F2,F2,fiducia,qͣsi c̃fido,Fiducia ,spes
64,p450_l22_o09,S22,S22,F2,F2,initium,inchoatuꝫ,Initiũ ,inchoatio
65,p450_l24_o04,S22,S22,F2,F2,appositũ,e associatũ,appositũ ,associatũ
66,p451_l08_o08,S22,S22,F2,F2,sancio,iudico,Sanctio ,definio
67,p451_l09_o08,S22,S22,F2,F2,erudio,doceo,Erudio ,doceo
68,p451_l10_o02,S23,S23,F3,F3,p̃sagio,futura prędico,Presagio ,futura p̃dico
69,p451_l11_o02,S22,S22,F2,F2,insanio,furio,Lenio ,Blandior
70,p451_l12_o01,S22,S22,F2,F2,Sepio,circũdo,Sepio ,cirũdo
71,p451_l12_o03,S22,S22,F2,F2,Ferio,ꝑcucio,Ferio ,ꝑcutio
72,p451_l12_o07,S22,S22,F3,F3,Ligurrio,lango ł gusto.,Ligurio ,lingue gusto/lingo
73,p451_l13_o04,S22,S22,F2,F2,Inretio,inligo,Irretio ,illaq̃o/retineo
74,p451_l13_o09,S22,S22,F2,F2,seruio,oboedio,"Seruio -uis,  ",oboedio
75,p451_l21_o06,S22,S22,F3,F3,elitio,expͥmo /seduco,Elicio ,extorq̃o ł expͥmo/ꝓuoco illicib;
76,p451_l22_o02,S22,S22,F2,F2,sapio,scio,Sapio ,suo
77,p451_l22_o04,S22,S22,F2,F2,orior,nascor,Orior ,nascor
78,p451_l23_o05,S22,S22,F2,F2,potior,utor,potior ,possideo
79,p451_l33_o03,S22,S22,F2,F2,disserere,manifestare,disserere ,exponere
80,p451_l34_o05,S22,S22,F2,F2,ubertati,copie,ubertati ,abundantię
81,p452_l02_o04,S22,S22,F2,F2,motu ,ĩ modo,motu ,modo
82,p452_l02_o07,S3232,S3232,F2,F2,eas,terminationes,eas ,.s. terminationes
83,p452_l04_o03,S22,S22,F2,F2,adherentia ,ĩ coherentia,adhęrentia ,seruientia
84,p452_l05_o01,S22,S22,F3,F3,origines,principia exordia,origines ,initia ł pͥmor/dia
85,p452_l08_o08,S22,S22,F3,F3,distinctę;,diuise separate,destinatę. ,disciretę/ordinatę
86,p452_l13_o05,S22,S22,F2,F2,obseruando,custodiendo,scilicet ,.s. iure
87,p452_l15_o08,S22,S22,F2,F2,litigo,rexo,Litigo ,altercor
88,p452_l15_o09,S22,S22,F2,F2,litigium,iurgium,Litigiũ ,Rixa
89,p452_l15_o10,S22,S22,F2,F2,mercor,emtores,Mercor ,cõmuto
90,p452_l17_o05,S25,S25,F3,F3,mancipium,manu captũ,Mancipiũ ,qđqđ manu capit
91,p452_l18_o05,S22,S22,F2,F2,gaudeo,letor,Gaudeo ,congratulor
92,p452_l21_o01,S22,S22,F3,F3,obsequor,obedio pareo,Obsequor ,oboedio/obtẽmpero
93,p452_l21_o06,S23,S23,F3,F3,domicilium,parua casida,Domicilium ,domꝰ auiũ
94,p452_l22_o05,S22,S22,F2,F2,cerno ,sedes,Cerno ,uideo
95,p452_l22_o06,S23,S23,F3,F3,silicernium,senes incuru /Infirmitas senũ,Silicernium ,ipsa res
96,p452_l23_o02,S22,S22,F3,F3,ridiculum,Fraus siue irrisio,Ridiculum ,paruus risus/ł derisio/chachinnus
97,p452_l23_o03,S22,S22,F3,F3,perpendo ,Libro / coequo ,Perpendo ,coęquo ꝑpendo/mensuro
98,p452_l23_o05,S22,S22,F2,F2,euerso,destruo,Euerso ,destruo
99,p452_l27_o01,S22,S22,F2,F2,tego,cooperio ,Tego ,operio
100,p452_l27_o02,S22,S22,F2,F2,tegimen,cooperimentũ,Tegimen ,operimentũ
101,p452_l29_o01,S3232,S3232,F2,F2,quorum,s̃ nominũ,quoꝵ ,.s. nõinũ
102,p452_l31_o10,S22,S22,F2,F2,presertim,ĩ maxime ł ominino,p̃sertim ,maxime
103,p453_l02_o06,S53,S53,F3,F3,positionis ,s̃ pͥme persone,positionis ,pͥmę ꝑsonę
104,p453_l03_o02,S53,S53,F3,F3,sole,s littere due.,solę ,.s. .s. & .t.
105,p453_l05_o08,S22,S22,F2,F2,censor,iudex,censor ,iudex
106,p453_l04_o12,S22,S22,F3,F3,conusltor,inꝗsitor consiliarius,consultor ,consiliator/interrogator/ꝓuidens
107,p453_l12_o03,S22,S22,F2,F2,horreo.,timeo,Horreo ,abominor
108,p453_l14_o02,S22,S22,F3,F3,furor,ipsa iracundia,furor ,ira insanio
109,p453_l14_o03,S22,S22,F2,F2,liquor,defluo,Liquor ,fluo
110,p453_l15_o01,S53,S53,F3,F3,quorũ,nominũ p̃ dictoꝝ,quorũ-duo ,÷ liquor ⁊ sopor
111,p453_l17_o07,S22,S22,F2,F2,sordidus , tͫpisseđ ,sordidus ,maculatꝰ
112,p453_l17_o08,S22,S22,F2,F2,frigeo,algeo,Frigeo ,algeo
113,p453_l19_o03,S22,S22,F2,F2,torreo ,arefio uro,Torreo ,uro
114,p453_l19_o09,S22,S22,F2,F2,cupio ,desidero ,cupio ,opto
115,p453_l20_o02,S22,S22,F3,F3,uiuidus,sagax & agilis,uiuidus ,uitalis uelox agilis acutus
116,p453_l26_o05,S22,S22,F3,F3,teges,ipsũ cooperimentũ,teges ,ł ꝓtectio/obumbratio
117,p453_l26_o09,S22,S22,F3,F3,cedes,clades ꝑcutio,cędes ,pescis/occidio/homicidiũ
118,p453_l27_o02,S22,S22,F2,F2,struo,congero,Struo ,edifico
119,p453_l28_o05,S23,S23,F3,F3,torquis,circulus aureus /a torquendo,Torquis ,ornam̃tũ colli
120,p453_l29_o06,S22,S22,F3,F3,utilis ,uibilis/uelox,utilis ,habilis/aptus/ꝓficuus/idoneus
121,p453_l29_o07,S22,S22,F2,F2,efutio ,inanesco,Effutio ,effundo
122,p453_l29_o08,S22,S22,F3,F3,efutilis,uacuus instabilis,effutił ,uanus/ instabilis
123,p453_l30_o01,S22,S22,F2,F2,occiduus,occidentalis,occiduus ,transitiuus
124,p453_l30_o04,S22,S22,F3,F3,cedo,paucior ãbulo / in,Pręcido ,ambulo/cedo
125,p453_l32_o01,S22,S22,F2,F2,strido,sono,Strido ,sono
126,p453_l32_o04,S22,S22,F2,F2,gerulus,portator,geruł ,portitor
127,p453_l33_o01,S22,S22,F2,F2,tremo ,mobo ł,Tremo ,febricito
128,p453_l33_o07,S22,S22,F2,F2,adopto,associo,Adopto ,desidero
129,p453_l33_o08,S22,S22,F2,F2,adoptulus,quasi adoptiuus,adoptuł. ,adoptans /ualde desiderat᷑ Idem est & adoptiuus
130,p454_l02_o01,S22,S22,F3,F3,contumax,arrogans c̃tem̃tor ,contumax ,suꝑbus/uibrans crispans/febricitans
131,p454_l03_o01,S22,S22,F3,F3,perspicax,diluciđ manifestꝰ,ꝑspicax ,ingeniosus astutus/clarus uigilans
132,p454_l03_o03,S22,S22,F3,F3,efficax,acius uelox,efficax ,effitiens/ł potens
133,p454_l03_o05,S22,S22,F2,F2,fallax,decptor,fallax ,m̃dax
134,p454_l03_o07,S22,S22,F2,F2,emax,negotiator,emax ,ẽptor
135,p454_l03_o10,S22,S22,F3,F3,sagio,p̃sagio / diuino,Sagio ,diuino/ꝓpheto
136,p454_l04_o04,S23,S23,F4,F4,salax,ꝗ frequent̃ sallit,salax ,uelox / qͥ bene potest dire
137,p454_l12_o03,S22,S22,F2,F2,furibundus,insanꝰ,Furibundus. ,simił furenti
138,p454_l17_o07,S23,S23,F4,F4,pronuba,mulier ꝗ disponit nuptias,ꝓnuba ,ꝗ nubentib p̃est
139,p454_l20_o08,S22,S22,F2,F2,suadeo,ortor,Suadeo ,adortor
140,p454_l20_o09,S22,S22,F2,F2,suadela,oratio,Suadela ,adoracio
141,p454_l21_o08,S22,S22,F2,F2,ruo,cado,Ruo ,cado
142,p454_l21_o10,S22,S22,F2,F2,rapio,tollo,Rapio ,aufero
143,p454_l30_o02,S54,S54,F3,F3,arcus,ab arcendo,archus ,ab arcendis
144,p455_l12_o05,S22,S22,F3,F3,deses,stultꝰ inconstans desidios,deses ,piger stultus/ł neglegens
145,p455_l19_o02,S23,S23,F3,F3,ꝓpugnanculũ,torris ubi pugnatiũ,Propugnaculũ ,summa pars muri
146,p455_l19_o06,S22,S22,F3,F3,munimentũ,ꝓtectio ł tutela / scutũ,Munimentũ ,tutamen ÷ defensio
147,p455_l20_o03,S22,S22,F3,F3,solamen,Solatiũ / auxiliũ,Solamen ,consolatio/adiutoriũ
148,p455_l22_o02,S23,S23,F3,F3,amabilis,dignꝰ amore,amabilis ,amando habilis
149,p455_l22_o04,S23,S23,F3,F3,laudabilis,dignꝰ laude,Laudabilis ,habilis ad laudandũ
150,p455_l28_o06,S22,S22,F2,F2,equatio,p̃portio,Aequatio ,assimilatio
151,p455_l28_o07,S22,S22,F2,F2,obseruatio,custodia,Obseruatio ,custodia
152,p456_l01_o07,S23,S23,F3,F3,tonstrina,ipsa res ł domus,Tonstrina ,opꝰ tonsoris
153,p456_l05_o03,S22,S22,F2,F2,suasor,adortator,Suasor ,adhortator
154,p456_l07_o04,S22,S22,F2,F2,aduectitius,deportatitius,Aduectitius ,apportatitius
155,p456_l16_o06-07,S22,S22,F3,F3,in accidentib; ,in adiectiuis,in accidentib; ,÷ in adiectiuis
156,p457_l04_o06,S22,S22,F2,F2,mere,iđ pure,merę ,purę
157,p457_l08_o02,S22,S22,F2,F2,superuacua,suꝑflua,suꝑuacua ,suꝑflua
158,p457_l10_o03,S22,S22,F2,F2,clementia,misericordia,clementia ,Benignitas
159,p457_l10_o05,S22,S22,F3,F3,inertia,pigritia ł stultitia,Inertia ,stultitia/sine arte
160,p457_l15_o05,S22,S22,F2,F2,turba,cont᷑bacio,Turba ,multiudo
161,p457_l16_o10,S22,S22,F2,F2,fugo,repẽllo ac,Fugo ,expello
162,p457_l17_o02,S22,S22,F2,F2,stillo,defluo,Stilla ,gutta
163,p457_l19_o03,S22,S22,F2,F2,nundinor,mercator,Nundinor ,mercor
164,p457_l20_o05,S22,S22,F2,F2,moror,tardo,moror ,tardo
165,p457_l20_o07,S22,S22,F2,F2,quadra,qͣsi diuido,Quadra ,quadrangulũ
166,p457_l21_o11,S22,S22,F3,F3,multo,uindico punio,Multo ,dãpno occido/condẽpno
167,p457_l22_o03,S22,S22,F2,F2,rixo,obiurgo,Rixo ,contendo
168,p457_l22_o05,S22,S22,F3,F3,lixa,ł aqua/mercenarius,Lixa ,seruus militũ/siue mercenarius
169,p457_l26_o07,S22,S22,F3,F3,prob;,idoneus strenuus sagax,ꝓbus ,bonus ęquus/ꝑfectus
170,p457_l26_o11,S22,S22,F3,F3,opacus,spissus ũbrosus ,Opacus ,spissus/densus
171,p457_l27_o07,S22,S22,F2,F2,nudus,discooꝑtꝰ,Nudus ,aꝑtꝰ
172,p457_l27_o10,S22,S22,F2,F2,fedus,turpis ,Fedus ,turpis
173,p457_l28_o04,S22,S22,F2,F2,uagus,instans,Vagus ,instabilis
174,p457_l28_o09,S22,S22,F2,F2,pio,purgo,Pio ,purgo
175,p457_l31_o05,S22,S22,F2,F2,crispus,c̃cussus,Crispus ,terratꝰ
176,p457_l33_o02,S22,S22,F2,F2,ignarus,inscius,Ignarus ,inscius
177,p457_l33_o06,S22,S22,F2,F2,lassus,fatigatus,Lassus ,fessus
178,p457_l33_o11,S22,S22,F2,F2,dilato,ãplifico,dilato ,ãplifico
179,p457_l34_o05,S22,S22,F3,F3,apto,c̃iungo assotio,Apto ,Accõmođ ł dignor
180,p458_l03_o06,S22,S22,F3,F3,terminus,finis meta,Terminꝰ ,finis meta
181,p458_l02_o02,S23,S23,F4,F4,grecor,more grecorũ ago,Grecor ,more greco loquor
182,p458_l02_o06,S22,S22,F2,F2,uulgo,manifesto,Vulgo ,diffamo
183,p458_l03_o10,S23,S23,F4,F4,perenno,toto anno inopere persisto,ꝑenno ,ꝑmaneo p unũ annũ ł moror/ꝑ annos/ꝓtelo
184,p458_l06_o13,S23,S23,F4,F4,colum,ubi lac mundatur,Colũ ,instrum̃tũ unde/colat᷑ lac ł uinũ
185,p458_l07_o07,S23,S23,F4,F4,peculior,peculiã aufero,depeculior ,aufero diuitias tuas a te/deuasto
186,p458_l08_o12,S23,S23,F4,F4,stagnũ,aqua q; ñ decurritur,Stagnũ ,Genus metalli ł lacus qͥ ñ currit a stando dictꝰ
187,p458_l11_o07,S22,S22,F2,F2,sacro,scĩfico,Sacro ,sc̃ifico
188,p458_l14_o01,S22,S22,F2,F2,saturo,satio,Saturo ,satio
189,p458_l16_o01,S22,S22,F2,F2,obseruatis,consideratis,obseruatis. ,notatis
190,p458_l18_o01,S22,S22,F2,F2,ordino,dispono,Ordino ,orno
191,p458_l21_o05,S22,S22,F2,F2,uber,habundans,Vber ,copiosꝰ
192,p458_l21_o06,S22,S22,F2,F2,ubero, abundo,Exubero ,habundo
193,p458_l25_o08,S22,S22,F3,F3,nugor,efecero desitio de(cur)so,Nur̶gor ,uilesco det᷑por
194,p458_l26_o08,S23,S23,F4,F4,arieto,more arietis ago,Arieto ,ꝯiuros destruo/ł gub̶no
195,p458_l28_o10,S22,S22,F3,F3,turpo,fodo deformo,Turpo ,fedo de/formo
196,p458_l29_o02,S22,S22,F2,F2,tenuis,gracilis,Tenuis ,macer
197,p458_l29_o05,S22,S22,F3,F3,tristis,Dolens / mestus,Tristis ,Mestꝰ/męrens
198,p458_l30_o09,S23,S23,F3,F3,roro,inrigo /ł irore ꝑfundo,",Roro ",rorẽ emitto
199,p459_l02_o01,S22,S22,F3,F3,nex,mors int̃emptio,Nex ,mors supplicium
200,p459_l02_o07,S22,S22,F3,F3,uindico,punio /ulciscor,Vindico ,ulciscor/defendo
201,p459_l05_o09,S22,S22,F2,F2,p̃ceps,impello ,Pręceps ,ꝓnꝰ
202,p459_l07_o07,S22,S22,F3,F3,aestuo,ebullio ł tardeo,ęstuo ,ardeo caleo/ferueo
203,p459_l08_o05,S22,S22,F2,F2,gelo,constringo,Gelo ,frigeo
204,p459_l19_o09,S23,S23,F3,F3,scriba,doctor ñ officiale,Scriba ,lege peritꝰ
205,p459_l25_o04,S22,S22,F2,F2,pandus,manifestus,Pandus ,aꝑtꝰ patulus
206,p459_l31_o07,S22,S22,F2,F2,formido,timor,Formido ,paueo
207,p459_l35_o10,S22,S22,F2,F2,tulisse,facta eẽ,tulisse ,diriuasse
208,p460_l07_o01,S22,S22,F2,F2,indesinenter,indistant̃,indesinenter  ,incessanter
209,p460_l14_o09,S22,S22,F2,F2,superuacuo,exsuperfluo,suꝑuacuo ,suꝑfluo
210,p461_l17_o02,S22,S22,F2,F2,scortor,mechor,scortor ,Meretricor
211,p461_l17_o06,S22,S22,F3,F3,ingurgito,in mergo,ingurgito ,deglutino absorbeo
212,p461_l18_o06,S22,S22,F2,F2,ingurgitasses,p̃cipitasses,ingurgitasses ,immersisses
213,p461_l23_o03,S22,S22,F2,F2,fore,esse,forte ,euentu
214,p462_l06_o01,S22,S22,F2,F2,incrementa,aumenta,incrementa ,aucmenta
215,p462_l10_o05,S22,S22,F2,F2,opitulor,auxilior,opitulor ,Adiuuo
216,p462_l11_o09,S22,S22,F2,F2,litigo,contendo,Litigo. ,c̃tendo
217,p462_l13_o03,S22,S22,F2,F2,quia,qđ,quę ,
218,p462_l16_o01,S22,S22,F2,F2,temere,p̃sũtiose,temere ,p̃sũptiose
219,p462_l17_o03,S22,S22,F2,F2,diutius,longius,diutius ,longius
220,p462_l26_o03,S22,S22,F2,F2,caneo,senesco,caneo ,albeo
221,p462_l26_o04,S22,S22,F2,F2,calles,semita,calles ,uia
222,p462_l28_o06,S22,S22,F3,F3,imbuo,instruo doceo,imbuo ,ostendo ł rep̃hendo
223,p462_l28_o07,S22,S22,F2,F2,acuo,acumino,acuo ,increpo
224,p462_l28_o09,S22,S22,F2,F2,arguo,increpo,arguo ,soluo
225,p462_l29_o11,S22,S22,F2,F2,fluctuo,titubo,Fluctuo ,titubo
226,p462_l32_o10,S23,S23,F3,F3,strues,congeries lignorũ,strues ,c̃geries lignoꝵ
227,p463_l09_o08,S22,S22,F2,F2,largior,tribuo,largio ,tribuo
228,p463_l15_o03,S22,S22,F2,F2,insignis,nobilis,in̶asignis ,nobilis
229,p463_l25_o03,S22,S22,F3,F3,metor,t̃mino finio,Metor ,figo t̃mino
230,p463_l25_o09,S22,S22,F2,F2,metior,mensuro,metior ,÷ mensuro
231,p464_l13_o09,S22,S22,F2,F2,eger,infirmus,ager ,infirmꝰ
232,p466_l06_o03,S22,S22,F2,F2,rimor,ꝑscrutor,Rimor ,inqͥro
233,p466_l21_o09,S23,S23,F4,F4,paciscor,pactũ facio,pacisor ,pacẽ fatio
234,p470_l09_o07,S22,S22,F2,F2,glisco,cresco,Glisco ,cresco
